Email,Name,Phone,Address,test1,bob
3avm@laposte.net,"test,bob",987654321,chd,tets1,bob1
a.ahouedo@yahoo.fr,test2,1234567890,mohali,test2,bob2
a.andre380@laposte.net,test4,6633456788,demo,test4,bob4
